# Created by Octave 3.6.4, Mon Mar 24 21:08:56 2014 GMT <bizz@bizz-N150P-N210P-N220P>
# name: p2
# type: cell
# rows: 1
# columns: 2
# name: <cell-element>
# type: scalar
20



# name: <cell-element>
# type: scalar
25





